function [o3]=generate_o3()
ozone=[1.4177586309e-05,  1.9818540750e-05,  1.5812202037e-05,  1.2650599274e-05,  8.6586387624e-06, ...
       4.5834317461e-06,  1.9293445348e-06,  7.3736953254e-07,  3.7732419855e-07,  1.3815051148e-07, ...
       5.1305114823e-08,  4.5652214453e-08,  4.3780271852e-08,  4.3068567379e-08,  4.5951846772e-08, ...
       5.1900443054e-08,  5.1924281763e-08,  4.4973091917e-08,  3.2407445616e-08,  2.5338932730e-08, ...
       2.1115686977e-08,  1.6803264558e-08,  1.5774350715e-08,  1.3617369454e-08,  1.3283580458e-08, ...
       1.1836321256e-08,  1.1836321256e-08,  1.1482180540e-08,  1.1176304326e-08,  1.1176304326e-08, ...
       1.1156181756e-08,  1.1127189836e-08,  0.0000000000e+00];

o3_rcemip=[9.4853193971e-06   1.5678073449e-05   1.6898178853e-05   1.4206953545e-05   9.6583747664e-06...
	   5.2533296409e-06   2.1835231228e-06   6.5604602867e-07   1.3503148168e-07   1.8044838550e-08...
	   1.4839691079e-09   7.1312853770e-11   1.9070898858e-12   2.7210442373e-14   2.0241542514e-16...
	   8.1651012714e-19   2.1111479558e-21   4.7632262098e-24   1.3214667287e-26   5.7412963295e-29...
	   4.3478554709e-31   5.8646876451e-33   1.3853262783e-34   5.5270464812e-36   3.5491658824e-37...
	   3.4779468222e-38   4.9488206236e-39   9.7741021254e-40   2.5735043006e-40   8.7470841239e-41...
	   3.7296221041e-41   1.9575973854e-41   1.2477040669e-41   0.0000000000e-00   0.0000000000e-00]

pf_L33=[2.16404256133345, 5.84530754043837, 10.7450801553507, ...
	17.1065372595328, 25.1138051289766, 35.2211968195201, 48.1379036870309, ...
	64.560183540236, 85.1144822187467, 110.419626793719, 141.092610422464, ...
	177.729387604925, 220.89239709789, 271.066623628003, 328.516336882098, ...
	392.785272564752, 461.94726249906, 532.465906646758, 600.430867020261, ...
	663.107382784874, 719.307118080772, 768.814283964814, 811.846868750618, ...
	848.836020639326, 880.346139043136, 906.995722281721, 929.359836869601, ...
	947.9591141953, 963.258551283114, 975.628859671795, 985.399151129319, ...
	992.786752544069, 997.948596287477];

o3_rcemip_L91=[4.0354370146e-06  6.9859193452e-06  9.7316474818e-06  1.2040866779e-05  1.3848412734e-05...
  1.5193867542e-05  1.6137799321e-05  1.6731194529e-05  1.7001273444e-05  1.6951066244e-05...
  1.6569598713e-05  1.5858620997e-05  1.4841569394e-05  1.3563278075e-05  1.2087042956e-05...
  1.0489161876e-05  8.8515710088e-06  7.2536287206e-06  5.7643399578e-06  4.4362781878e-06...
  3.3021330027e-06  2.3742637446e-06  1.6470183742e-06  1.1010522710e-06  7.0858929665e-07...
  4.3856230189e-07  2.6081344046e-07  1.4891705653e-07  8.1578012301e-08  4.2851023428e-08...
  2.1572604597e-08  1.0404983285e-08  4.8069883539e-09  2.1268908068e-09  9.0127598669e-10...
  3.6581660845e-10  1.4225473446e-10  5.3018065033e-11  1.8947043624e-11  6.4964370551e-12...
  2.1385950204e-12  6.7647303107e-13  2.0579452263e-13  6.0271599738e-14  1.7012196755e-14...
  4.6332576157e-15  1.2190855684e-15  3.1029720387e-16  7.6510275421e-17  1.8301528251e-17...
  4.2533421692e-18  9.6187281393e-19  2.1199944678e-19  4.5612142366e-20  9.5954316839e-21...
  1.9769900570e-21  3.9959801039e-22  7.9368235743e-23  1.5516749298e-23  2.9909515625e-24...
  5.6936716458e-25  1.0721691916e-25  2.0004481398e-26  3.7040722794e-27  6.8171545713e-28...
  1.2490171644e-28  2.2948686485e-29  4.2650177504e-30  8.0496187659e-31  1.5490492096e-31...
  3.0517853729e-32  6.1804147183e-33  1.2919255368e-33  2.7989360463e-34  6.3103576324e-35...
  1.4865282945e-35  3.6734860206e-36  9.5601505517e-37  2.6301886972e-37  7.6780605254e-38...
  2.3867644652e-38  7.9277311902e-39  2.8228466005e-39  1.0808494463e-39  4.4631297392e-40...
  1.9928611327e-40  9.6460341362e-41  5.0725293842e-41  2.9038087324e-41  1.8127260771e-41...
  1.2358215363e-41];
  
pf_L91=[0.660830747689165, 1.3789022759971, 2.25283682884433, ...
    3.22534622830348, 4.25533832035384, 5.33036913501942, 6.45634747498836, ...
    7.6551848232279, 8.95992488988098, 10.4139335177291, 12.0527250308703,  ...
    13.8920882316437, 15.9482125513159, 18.2375980391837, 20.7769585207482, ...
    23.5831190041872, 26.6729085094323, 30.0630495656959, 33.7700456704281, ...
    37.8100680252414, 42.1988428627437, 46.9515406534912, 52.0826684359253, ...
    57.6059664461163, 63.5343101407037, 69.8796186081137, 76.6527702526564, ...
    83.8635265162464, 91.5204642760358, 99.6309174259262, 108.200928018345, ...
    117.235207212239, 126.737106146198, 136.708596733865, 147.150262264116, ...
    158.061297582161, 169.439518531006, 181.281380246351, 193.582003822592, ...
    206.33521080348, 219.533564898232, 233.168420282355, 247.2299758118,    ...
    261.707334458969, 276.588567268675, 291.860781131067, 307.510189675608, ...
    323.522186604921, 339.881420808547, 356.571872623722, 373.576930642114, ...
    390.879468497324, 408.46192110688, 426.306359883883, 444.394566476252,  ...
    462.708104635514, 481.228389861109, 499.936756510146, 518.81452210568,  ...
    537.843048618458, 557.003800537627, 576.278399584336, 595.648675958776, ...
    615.096716045265, 634.604906531939, 654.155974930781, 673.666030399344, ...
    693.036256167263, 712.221750757963, 731.176930558079, 749.855703184504, ...
    768.21164823702, 786.198204490415, 803.768862508033, 820.87736159317,   ...
    837.477889937026, 853.525286772087, 868.975245299285, 883.784515125983, ... 
    897.911102930419, 911.314470057756, 923.955725752053, 935.797814739816, ...
    946.805697901733, 956.946524802126, 966.189796888525, 974.507520227884, ...
    981.874346709389, 988.267702717524, 993.667904361442, 998.058258437766];


 pf_L79= [4.51379798122618, 8.30087421699386, 12.4519988852249, ...
    16.7437567549182, 21.0437490250055, 25.3384285687674, 29.6748971650499, ...
    34.1472112926018, 38.8691891280456, 43.9661106939787, 49.5246746447308, ...
    55.5619346556994, 62.0932371342281, 69.1320652232072, 76.6899037350676, ...
    84.776126476012, 93.3979069598536, 102.56015305759, 112.265465693616, ...
    122.514121291404, 133.304077298098, 144.630999784463, 156.488311828108, ...
    168.867261146233, 181.757005250321, 195.144712248732, 209.015675322578, ...
    223.353438843015, 238.139934080916, 253.355622478946, 268.979644507194, ...
    284.989972202143, 301.363563590502, 318.07651731975, 335.104225951811, ...
    352.421526521109, 370.002847109512, 387.822348344958, 405.854058884942, ...
    424.072004097722, 442.450327301051, 460.963403058463, 479.585942165277, ...
    498.293088079349, 517.060504664444, 535.864455216459, 554.681872834164, ...
    573.490422277015, 592.268553522473, 610.995547295258, 629.651552890741, ...
    648.217618655261, 666.675715518199, 685.008753994344, 703.191334715134, ...
    721.187108339619, 738.957489119388, 756.463557285664, 773.666196932725, ...
    790.526238152064, 807.004602718181, 823.062452587318, 838.661340435673, ...
    853.76336143364, 868.331305428245, 882.328808687277, 895.720504345578, ...
    908.472170687762, 920.550876401075, 931.925121938712, 942.564976146215, ...
    952.442207323483, 961.530407919997, 969.805112093512, 977.243905399798, ...
    983.826525926165, 989.534956229396, 994.353505495452, 998.268881395386] ;

