function hw_eu=heat_wave_eu()
hw_eu=[
1.955631820798642506e+00
2.402995830667877364e+00
2.387278356783596234e+00
2.024068056120217118e+00
2.390660394915157472e+00
2.063725588220474361e+00
1.591608993066537803e+00
2.151298651393870554e+00
2.513716188816589092e+00
2.474219355262885500e+00
2.395626799111877148e+00
2.261400127009529637e+00
2.152363160747144288e+00
2.580090650008888264e+00
2.080719794612071016e+00
1.731503495511152346e+00
3.078696235091903155e+00
3.051690244779263761e+00
2.096699582708291487e+00
2.110068398492860098e+00
2.647465193178244469e+00
1.957942934886983011e+00
2.747927938444785667e+00
2.920084349640267973e+00
2.599044096001029036e+00
2.365853242019311686e+00
1.543005550858327579e+00
2.056287953227978083e+00
3.033350851346734878e+00
2.231632893861717370e+00
2.279903386399690035e+00
2.726140436902571018e+00
2.674352244591199135e+00
3.169447266065115176e+00
2.059089424075664532e+00
2.646413621758412660e+00
2.583293429948372744e+00
2.168628099264785281e+00
2.364028821232072364e+00
2.781711927518410121e+00
2.292741234101978609e+00
3.016000516756420780e+00
2.686070567732301573e+00
2.535852301914549134e+00
2.910440626531704211e+00
2.320916778416594717e+00
2.479975218964382666e+00
2.568285626522788689e+00
3.345627091339159698e+00
2.905054143703103886e+00
2.259325484742678913e+00
3.359749344346306899e+00
2.572247140831603662e+00
2.871974251595887484e+00
2.476324524521194892e+00
2.561536677632663128e+00
3.185392642358413351e+00
2.762716841834715442e+00
3.162576197897184471e+00
2.442668644232222963e+00
2.861750480888718862e+00
2.847834348880426081e+00
3.131277318484540384e+00
3.025985629066316740e+00];
