function hw_eu=heat_wave_us()
hw_us=[
1.625196493472186088e+00
1.712188940196193832e+00
1.904835709566381707e+00
1.361973880577917795e+00
1.376226688788189101e+00
1.078106353900721404e+00
nan
9.180182172284027109e-01
1.692626336732476755e+00
1.300534428014290977e+00
1.494253701063373851e+00
1.612549528229772822e+00
1.422024225778750095e+00
1.448172791941942705e+00
9.815404339173233739e-01
1.655058514577187889e+00
8.163384639855586489e-01
1.495847038262614559e+00
1.673318031453981725e+00
1.545972679113399861e+00
1.875956067131923533e+00
1.563259452836541108e+00
1.617972992299789414e+00
1.745656499837818121e+00
1.073730673143305614e+00
1.575917838942741289e+00
1.359029022664814734e+00
1.601436785952027986e+00
1.373048657115999882e+00
2.281374173246617065e+00
1.589853993054004100e+00
1.598953046471685235e+00
2.487892704769375740e+00
1.588084813217163882e+00
1.363706136992460127e+00
1.864374363492707243e+00
1.751116069089920346e+00
1.710821367247583158e+00
1.376342460452844474e+00
1.984294110143007162e+00
1.156800275273282885e+00
1.478348661699136590e+00
1.341652098013778938e+00
2.093012763271613341e+00
1.894793967718679584e+00
1.662396408231100686e+00
1.985368589381471649e+00
2.180495059642194366e+00
1.668629676158457142e+00
1.756778746424846549e+00
1.514367937490357141e+00
1.524725798556620937e+00
1.727412491485918578e+00
1.766214956669465153e+00
1.718704885084032741e+00
2.212980468421120950e+00
1.697639734640757236e+00
1.954461328638257278e+00
2.004375587002448444e+00
1.856595004055196840e+00
1.667744329055406372e+00
2.164698834926379156e+00
2.248201100986808143e+00
1.674075199893593435e+00];
