function v=readsat_giss_sh()
a=[...
%Year  Jan  Feb  Mar  Apr  May  Jun  Jul  Aug  Sep  Oct  Nov  Dec    J-D D-N    DJF  MAM  JJA  SON  Year
1880   -57  -12  -40  -53  -39  -62  -72   27  -50  -94  -24   -9    -41 0   0  -44  -36  -56  1880
1881  -106  -55  -47  -34   -6 -143  -76  -31  -61  -64  -75   18    -57 -59    -57  -29  -83  -67  1881
1882    -3  -51  -30  -81  -39 -138  -95  -15   15    3  -20  -69    -43 -36    -12  -50  -82   -1  1882
1883   -76  -94  -70  -34  -27   72   -9   -4  -50  -87  -84  -13    -40 -44    -80  -44   20  -74  1883
1884   -48  -42  -27  -91 -166 -100 -120   79  -21  -94  -78 -133    -70 -60    -34  -95  -47  -64  1884
1885   -83 -112 -128 -139  -59 -124 -105   -6    1   23  -25  -30    -66 -74   -109 -109  -78    0  1885
1886   -46  -82  -66  -71  -68 -125  -70 -102  -44 -127  -25  -99    -77 -71    -53  -69  -99  -65  1886
1887   -40 -151  -65  -90 -141  -98  -67   -1  -95  -60 -128  -60    -83 -86    -97  -99  -55  -94  1887
1888   -35  -64  -91  -29 -110  -77  -54  -40  -42  -54    6    6    -49 -54    -53  -77  -57  -30  1888
1889   -21    2  -18  -36  -12  -55  -83 -110  -47  -10  -39  -35    -39 -35     -4  -22  -83  -32  1889
1890   -62  -84  -71  -56 -120  -80 -113  -96  -51  -49  -72  -55    -76 -74    -60  -82  -96  -57  1890
1891  -116 -108  -75  -85  -58  -90 -127  -93  -84  -87  -49  -26    -83 -86    -93  -73 -103  -74  1891
1892   -59  -45  -51  -85 -103 -111  -58  -25  -86  -64  -46  -51    -65 -63    -43  -79  -65  -66  1892
1893  -102  -88  -82 -102  -98 -128  -34  -70  -48  -19  -29  -23    -69 -71    -80  -94  -78  -32  1893
1894   -82  -70  -70  -74 -100  -77  -78  -64  -72  -11   10  -10    -58 -59    -58  -81  -73  -24  1894
1895   -45  -58  -65  -73  -40  -52  -86  -27  -45  -15  -34    3    -45 -46    -38  -59  -55  -31  1895
1896    -7  -33  -42  -37  -60  -99  -59  -65  -29  -19  -60   -6    -43 -42    -12  -46  -75  -36  1896
1897   -24  -63  -22  -19  -65  -27  -26  -64  -26  -40   10  -31    -33 -31    -31  -35  -39  -19  1897
1898   -30  -54  -82  -97  -99  -56  -67  -57  -12  -55  -55  -25    -57 -58    -38  -92  -60  -41  1898
1899   -74  -58  -48  -52  -77  -89  -73  -82  -22  -76  -53   -9    -59 -61    -52  -59  -81  -50  1899
1900   -47  -11  -60  -22  -33  -17  -61  -38  -19   -1  -12  -21    -29 -28    -22  -39  -39  -11  1900
1901    -7  -29  -58  -47  -33  -13  -72  -49    5  -28   -6  -13    -29 -30    -19  -46  -44  -10  1901
1902   -48  -27  -14   -4  -27  -36  -55  -85  -55  -59  -48  -42    -42 -39    -29  -15  -59  -54  1902
1903   -43  -53  -40  -66  -42  -79  -35  -45  -62  -68  -63  -67    -55 -53    -46  -49  -53  -64  1903
1904   -71  -95  -84  -48  -86  -65  -79  -72  -54  -81  -46  -59    -70 -71    -78  -73  -72  -60  1904
1905   -50  -85  -39  -31  -46  -39  -74  -37  -36  -46  -31  -26    -45 -48    -65  -39  -50  -38  1905
1906    18   -1  -43   -7  -34  -53  -36  -44  -65  -47  -68  -64    -37 -34     -3  -28  -44  -60  1906
1907   -52  -40  -56  -54  -53  -75  -56  -77  -62  -59  -63  -80    -61 -59    -52  -54  -70  -61  1907
1908   -39  -50  -50  -67  -50  -79  -66  -43  -28  -55  -57  -41    -52 -55    -56  -56  -63  -47  1908
1909   -72  -78  -51  -72  -77  -54  -50  -20  -34  -29  -50  -52    -53 -52    -63  -66  -41  -38  1909
1910   -52  -46  -69  -47  -32  -47  -34  -15   -3  -59  -62  -50    -43 -43    -50  -49  -32  -42  1910
1911   -58  -66  -64  -71  -51  -70  -34  -43  -46  -33  -22  -28    -49 -51    -58  -62  -49  -34  1911
1912     3  -23  -34  -38  -38  -43  -46  -46  -10  -13  -38  -22    -29 -29    -16  -37  -45  -21  1912
1913   -42  -44  -69  -30  -67  -77   -6  -12  -15  -25  -23   -9    -35 -36    -36  -55  -32  -21  1913
1914    -9   -7    1   -4    4   -7  -28  -13   -5    4  -48  -24    -11 -10     -8    0  -16  -17  1914
1915   -25    8    0  -20  -47  -54   -5  -43   -3   -9   -5  -22    -19 -19    -14  -23  -34   -6  1915
1916   -33  -21  -43  -36  -52  -71  -61  -14   -7  -16  -55  -52    -38 -36    -26  -44  -49  -26  1916
1917   -52  -79  -85  -57  -77  -61   11  -55  -47  -44  -38  -54    -53 -53    -61  -73  -35  -43  1917
1918   -59  -85  -84  -45  -99  -51  -81  -69  -30  -19  -25  -19    -56 -58    -66  -76  -67  -24  1918
1919   -27  -15   -2   -4  -11  -17   -9  -26  -40  -28  -49  -14    -20 -21    -21   -6  -18  -39  1919
1920   -24  -40  -49  -34  -50  -63  -42  -29  -13  -53  -23  -32    -38 -36    -26  -45  -45  -30  1920
1921   -48  -31  -37  -44  -24  -26  -26  -75  -16  -20  -35  -27    -34 -34    -37  -35  -42  -24  1921
1922   -28  -28  -47  -22  -70  -60  -19  -38  -14  -45  -25  -26    -35 -35    -28  -46  -39  -28  1922
1923   -38  -10  -26  -43  -36  -43  -82  -74  -64  -51  -37  -40    -45 -44    -25  -35  -67  -51  1923
1924   -30  -53  -32  -76  -53  -30  -35  -34  -12  -32  -44  -44    -40 -39    -41  -54  -33  -29  1924
1925   -74  -55  -53  -36  -49  -70  -72  -30  -73  -68  -36   -5    -52 -55    -58  -46  -57  -59  1925
1926   -17    8  -17  -21  -54  -40  -38  -13  -10  -32  -17  -30    -23 -21     -5  -31  -30  -20  1926
1927   -31  -41  -39  -43  -59  -49  -43  -55  -36  -14   -8  -19    -37 -37    -34  -47  -49  -20  1927
1928   -32  -22   -7    0  -75  -90  -34  -14   -3  -21   -2  -24    -27 -26    -24  -27  -46   -9  1928
1929   -22  -28  -63  -62  -66  -64  -62  -68  -42  -14  -19  -62    -48 -44    -25  -64  -65  -25  1929
1930   -37  -34  -43  -45  -30  -48  -55  -66  -46  -65  -20  -26    -43 -46    -44  -39  -56  -44  1930
1931   -28  -12  -14  -44  -21  -35  -12  -11  -47  -37  -64   -8    -28 -29    -22  -26  -19  -49  1931
1932     0  -30  -27   -7  -28  -72  -37  -40  -12  -14    5  -20    -24 -23    -13  -21  -49   -7  1932
1933   -25  -18  -17  -24  -11  -30  -32  -33  -12  -13  -49  -53    -26 -24    -21  -17  -32  -25  1933
1934   -20  -62  -46  -43  -14  -29   -6    5  -18  -33  -33  -31    -27 -29    -45  -34  -10  -28  1934
1935   -22  -18  -15  -65  -36  -43  -52  -50  -65  -19  -22  -18    -36 -37    -24  -39  -48  -36  1935
1936   -26  -26  -20  -11  -45  -51    7  -14  -17   -9  -11   -8    -19 -20    -23  -25  -19  -12  1936
1937   -35  -27  -25  -35  -20  -28  -38  -15    1   -5   23  -14    -18 -18    -23  -27  -27    6  1937
1938   -29  -32  -11    0   10  -22   -6  -38  -16    7  -18  -10    -14 -14    -25   -1  -22   -9  1938
1939   -21  -41  -46  -37   -3  -23  -35  -53  -41  -26  -44  -24    -33 -32    -24  -29  -37  -37  1939
1940   -12  -14    0  -33   -8   18   20   14   19   -7   -9   20      1  -3    -16  -13   17    1  1940
1941    -8   -5  -19   -5   11    7   25   -2  -27   -9   -2   12     -2  -1      2   -4   10  -13  1941
1942    19   11   -2   -6   -4    1   -3   27    4  -28   -2   -5      1   3     14   -4    8   -8  1942
1943   -10  -21  -23  -20  -43  -23    8  -38   -4   14  -12   -6    -15 -15    -12  -28  -18    0  1943
1944    -2  -13   -1  -18  -27  -20    1    3   16    2  -13  -12     -7  -6     -7  -15   -5    2  1944
1945     4   -6  -16   -6  -39  -58  -36   18   -3   -5  -18  -27    -16 -15     -5  -20  -26   -9  1945
1946   -30  -36  -45  -32   -8  -41   -2   -7   -9  -31  -32  -23    -25 -25    -31  -28  -17  -24  1946
1947    -2    8   -3  -13   -5    8   -7   -1  -10  -19    5  -32     -6  -5     -6   -7    0   -8  1947
1948   -13  -27  -37  -32  -13   -2  -28  -35  -10  -15  -47  -16    -23 -24    -24  -27  -22  -24  1948
1949   -14  -41  -16  -40  -26  -20   -4  -21  -11  -12  -22  -15    -20 -20    -24  -27  -15  -15  1949
1950   -28  -28  -26  -24  -40  -13   -5  -39  -24  -36  -41  -27    -28 -27    -24  -30  -19  -34  1950
1951   -40  -42   -3  -22   -3   -4  -13   -6  -15  -20  -14   -7    -16 -18    -36  -10   -8  -16  1951
1952     2    6   -3  -24  -31  -30   -8   12   12   -1  -20  -10     -8  -8      0  -19   -9   -3  1952
1953   -14  -23    0  -22  -26  -20  -30    5    1  -12   -2    3    -12 -13    -16  -16  -15   -4  1953
