function v=readsat_giss_nh()
a=[...
%Year   Jan  Feb  Mar  Apr  May  Jun  Jul  Aug  Sep  Oct  Nov  Dec    J-D D-N    DJF  MAM  JJA  SON  Year
1880  -102  -82  -81  -93  -38  -39  -25  -36  -53  -56  -90 -114    -67 0   0  -71  -33  -66  1880
1881   -67  -80  -40  -33  -32  -88  -42  -21  -35  -72  -66  -63    -53 -57    -87  -35  -50  -58  1881
1882    14    9  -21  -70  -65  -61  -58  -26  -45  -91 -100 -118    -53 -48    -13  -52  -48  -78  1882
1883  -121 -132  -66  -65  -69  -36  -28  -52  -58  -55  -93  -79    -71 -74   -124  -66  -39  -68  1883
1884   -86  -77 -131 -123  -94  -93  -72  -83  -85  -82  -95  -85    -92 -92    -81 -116  -83  -87  1884
1885  -179  -65  -62  -83  -89  -68  -40  -59  -55  -81  -65  -14    -72 -78   -110  -78  -56  -67  1885
1886  -151 -130 -103  -54  -54  -61  -12  -45  -39  -51  -80  -39    -68 -66    -99  -70  -39  -56  1886
1887  -172 -118  -71  -83  -37  -36  -17  -71  -35  -72  -56 -101    -72 -67   -110  -64  -41  -54  1887
1888  -132 -135 -123  -65  -65  -52  -27  -48  -45  -40  -39  -81    -71 -73   -122  -84  -42  -41  1888
1889   -99   -4  -13   19   -3  -16  -21  -30  -46  -64 -101  -85    -39 -38    -61    1  -23  -70  1889
1890  -100  -73  -77  -59  -79  -37  -25  -36  -28  -12  -95  -65    -57 -59    -86  -72  -32  -45  1890
1891  -102 -123  -39  -65  -51  -38  -31  -26  -15  -58 -105   -2    -55 -60    -97  -52  -32  -59  1891
1892   -91  -41 -102  -86  -58  -10  -41  -39  -16  -23 -112  -98    -60 -52    -45  -82  -30  -50  1892
1893  -246 -146  -39  -39  -64  -28  -11  -24  -27  -14  -30  -84    -63 -64   -163  -47  -21  -24  1893
1894  -123  -72   -6  -70  -50  -44  -11  -18  -36  -37  -78  -47    -49 -53    -93  -42  -25  -50  1894
1895  -131 -139  -60  -31  -31  -29  -22  -30    3  -29  -17  -46    -47 -47   -105  -41  -27  -14  1895
1896   -73  -48  -96  -97  -43    6    0  -27  -14   -1  -64  -62    -43 -42    -56  -79   -7  -26  1896
1897   -56  -55  -71  -19    6  -16    0   -7  -15  -24  -33  -37    -27 -29    -58  -28   -8  -24  1897
1898     0  -64 -102  -29  -44  -10  -13    2  -10  -39  -61  -34    -34 -34    -34  -58   -7  -37  1898
1899   -17  -89  -59  -13  -25  -33   -4    4    4   10   51  -68    -20 -17    -47  -32  -11   22  1899
1900   -91  -16   17  -28   -7  -16  -20   -4   -7   21  -23   -6    -15 -20    -58   -6  -13   -3  1900
1901   -65   -5   38   19  -22    5   12   -8  -21  -28  -34  -54    -14 -10    -25   11    3  -28  1901
1902   -27   16  -42  -54  -59  -53  -41  -31  -36  -49  -74  -93    -45 -42    -22  -52  -42  -53  1902
1903   -31   32    4  -52  -56  -63  -44  -57  -40  -50  -42  -69    -39 -41    -31  -35  -55  -44  1903
1904  -113  -70  -32  -54  -42  -42  -50  -37  -55  -34   -6  -28    -47 -50    -84  -43  -43  -32  1904
1905   -41 -123  -14  -43  -30  -31  -21  -32  -19  -36    9  -31    -34 -34    -64  -29  -28  -15  1905
1906   -70  -87  -28   14  -16    0  -21    1   -6    2  -55    6    -22 -25    -63  -10   -7  -20  1906
1907   -67 -118  -47  -79  -80  -71  -45  -42  -27  -12  -74  -65    -61 -55    -60  -69  -52  -38  1907
1908   -54  -23  -71  -39  -27  -20  -19  -44  -15  -32  -74  -54    -39 -40    -47  -46  -28  -40  1908
1909  -107  -50  -67  -60  -53  -38  -27  -10  -13  -15   15  -66    -41 -40    -70  -60  -25   -5  1909
1910   -48  -42  -29  -23  -32  -40  -18  -22  -27   -9  -61  -94    -37 -35    -52  -28  -26  -32  1910
1911   -89  -74  -69  -46  -35  -16   -8  -17  -17  -10  -10  -24    -35 -40    -86  -50  -14  -12  1911
1912   -50   -4  -66  -25   -6  -16  -66  -92  -74 -100  -54  -59    -51 -48    -26  -32  -58  -76  1912
1913   -62  -67  -49  -40  -65  -51  -50  -38  -39  -45   -7   17    -41 -48    -63  -52  -46  -31  1913
1914    32   -7  -22  -43  -18  -19  -27  -15  -22    9  -30  -31    -16 -12     14  -28  -21  -14  1914
1915   -24   -4  -18   17    4    2    1   -4   -7  -24    5  -13     -5  -7    -20    1    0   -9  1915
1916     9  -15  -58  -34  -27  -36  -15  -12  -35  -19  -30 -131    -34 -24     -6  -40  -21  -28  1916
1917   -69  -79  -85  -62  -93  -41  -18  -30  -21  -70  -39 -159    -64 -62    -93  -80  -30  -43  1917
1918   -88  -56  -27  -79  -63  -51  -36  -37  -21   11  -40  -72    -47 -54   -101  -57  -41  -17  1918
1919   -54  -53  -47  -33  -38  -36  -29   -8   -4   -1  -57  -65    -36 -36    -60  -39  -25  -21  1919
1920    -3  -21   15  -23  -23  -23  -12  -14  -30  -42  -54  -81    -26 -25    -30  -10  -16  -42  1920
1921    40  -13    7   -5  -25   -5   12  -28  -24  -11  -27  -16     -8 -13    -18   -8   -7  -21  1921
1922   -62  -81  -21  -15  -18   -4  -16  -25  -29  -25  -14  -14    -27 -27    -53  -18  -15  -22  1922
1923   -24  -49  -33  -70  -42  -27  -26  -11   -7   27   28   20    -18 -21    -29  -48  -22   16  1923
1924   -31  -33    3  -38   -5  -16   -5  -10  -10  -12   35  -26    -12  -9    -15  -14  -10    4  1924
1925   -23  -30  -17   -9  -29  -22  -24   -3   12   -9   21   37     -8 -13    -26  -18  -17    8  1925
1926    66   41   53  -11  -31  -15   -9   -1    3    6   19  -37      7  13     48    4   -8    9  1926
1927   -19   -7  -50  -40  -13   -8   15   -2    9   36   22  -41     -8  -8    -21  -34    2   22  1927
1928    37   20  -23  -30   -7  -23    7   -7   -1    6   16   11      0  -4      6  -20   -8    7  1928
1929   -44  -95  -14  -36  -27  -33  -26  -12  -11    8    7  -66    -29 -23    -43  -26  -24    1  1929
1930   -13  -23   25   -8  -19   -4   13   21    5    5   35    5      3  -2    -34   -1   10   15  1930
1931     2  -45    0  -14  -16   15   22   23   24   41   32   16      8   7    -13  -10   20   32  1931
1932    62  -29  -20   16  -13  -12  -11    0   16   25  -35  -11     -1   1     16   -6   -7    2  1932
1933   -51  -47  -39  -22  -23  -28    5   -5  -18   -8  -27  -64    -27 -23    -36  -28   -9  -18  1933
1934   -21   41  -37  -31   10   -2    3   -5   -8   19   44   47      5  -4    -14  -19   -1   18  1934
1935   -48   67   15  -39  -48  -11   -1   -3    1   11  -45  -22    -10  -4     22  -24   -5  -11  1935
1936   -33  -69  -19   -7   -8   15   24   10    9    7   10   17     -4  -7    -41  -11   16    9  1936
1937    11   38  -21   -8   10   16   17   23   41   45   34   -9     16  19     22   -7   19   40  1937
1938    32   32   49   47    0   -4    8   27   33   44   37  -20     24  25     18   32   10   38  1938
1939    12    4  -31    2   -3   -1    9    9   14   -2   20   98     11   1     -1  -11    6   11  1939
1940   -36   24   15   40   12    6    8   -6   14   14   22   25     12  18     29   22    3   17  1940
1941    10   48   -4    7    7   11   14    3  -11   26   -9  -12      8  11     28    4   10    2  1941
1942    21  -26    4    2    8   12    3  -16    8   27   17    3      5   4     -6    5    0   17  1942
1943   -35   28  -18   15   19  -12   -1    4    7   37   23   40      9   6     -1    5   -3   22  1943
1944    70   38   13   -2   12    5   -1    6   28   34    5  -35     14  21     49    7    3   23  1944
1945   -12  -32    9   27  -21   -8  -14   18   12   13    0  -54     -5  -3    -26    5   -1    9  1945
1946    30   23    8   35   -3   -2   -1   -5    2   -1   17  -42      5   4      0   13   -3    6  1946
1947   -21   -8   39   37    1   -9    1    3   11   64   36   -1     13   9    -23   26   -2   37  1947
1948    55   -6  -17   10   22    9    0    2   10   12   20  -28      7  10     16    5    4   14  1948
1949    28  -24    9   -4   -1  -16  -18   -1   -1   14   13  -23     -2  -2     -8    1  -12    9  1949
1950   -37  -36   13  -24   -5   -9  -26  -25  -14   -9  -42  -12    -19 -20    -32   -5  -20  -21  1950
1951   -40  -54  -29   13   11  -10    1   24   32   22   10   36      1  -3    -35   -2    5   21  1951
1952    17   16  -32   13   12   11   17    4   11   -4  -24    3      4   6     23   -3   11   -6  1952
1953    34   37   31   51   22   25   25   14   14   26    6   26     26  24     25   34   21   15  1953
